<<<<<<< HEAD
2222000000222222200002222222222222222222222222222222
1111000000111111100001222222222222222222222222222222
0000000000000009004400111112222222222222222222222222
0000440000000000000000000001222222222222222222222222
0000000440000300050000000000111122222222222222222222
0000000000000000000000000000000021111111111111111112
0000000000000000000000000000000010000900000900000001
0000000000000000000000000000000000000000000000000000
0000000000000000000000000000000000000000000000000000
0000000000000000000000000000000000000000000000000000
0000000000000000000000000000000000000000000000000000
0000000000000000000000000000000000000000000000000000
=======
222200222222200002222222222222222222222222222222
111100111111100001222222222222222222222222222222
004000040400004400111112222222222222222222222222
000400400040000000000001222222222222222222222222
000004003004050000000000111122222222222222222222
000000000000000000000000000011111111111111111111
000000000000000000000000000001000900000900010000
000000000000000000000000000040000000000000000000
000000000000000000000000040000040000000000003000
000000000000000000000000000040004000000000000000
000000000000000000000000000004000000000000000000
000000000000000000000000000030000000000000000000
>>>>>>> origin/master
